0
3 0.041667 1 0.916667 2 0.041667 1
3 0.043478 1 0.913043 2 0.043478 1
0
3 0.050000 1 0.900000 2 0.050000 1
3 0.055556 1 0.888889 2 0.055556 1
1
1 1.000000 1
1 1.000000 1
1
1 1.000000 1
2 0.500000 1 0.500000 2
2
5 0.050000 1 0.200000 2 0.650000 1 0.050000 2 0.050000 1
5 0.062500 1 0.125000 2 0.625000 3 0.062500 2 0.125000 1
2
1 1.000000 1
5 0.038462 1 0.153846 2 0.230769 3 0.038462 2 0.538462 1
2
5 0.047619 1 0.047619 2 0.761905 1 0.095238 2 0.047619 1
5 0.166667 1 0.222222 2 0.388889 3 0.055556 2 0.166667 1
2
1 1.000000 1
5 0.296296 1 0.074074 2 0.185185 3 0.037037 2 0.407407 1
2
1 1.000000 1
5 0.142857 1 0.095238 2 0.666667 3 0.047619 2 0.047619 1
3
5 0.037037 1 0.111111 2 0.740741 1 0.074074 2 0.037037 1
6 0.066667 2 0.266667 3 0.333333 4 0.066667 3 0.200000 2 0.066667 1
3
3 0.040000 1 0.040000 2 0.920000 1
5 0.538462 2 0.076923 3 0.230769 4 0.076923 3 0.076923 1
3
5 0.038462 1 0.038462 2 0.807692 1 0.076923 2 0.038462 1
5 0.500000 1 0.100000 3 0.300000 4 0.050000 3 0.050000 1
3
3 0.840000 1 0.120000 2 0.040000 1
7 0.518519 1 0.222222 2 0.037037 3 0.111111 4 0.037037 3 0.037037 2 0.037037 1
3
5 0.040000 1 0.080000 2 0.800000 1 0.040000 2 0.040000 1
7 0.150000 1 0.150000 2 0.200000 3 0.200000 4 0.050000 3 0.200000 2 0.050000 1
3
5 0.050000 1 0.150000 2 0.250000 1 0.050000 2 0.500000 1
4 0.250000 1 0.583333 3 0.083333 2 0.083333 1
3
5 0.047619 1 0.095238 2 0.380952 1 0.047619 2 0.428571 1
5 0.100000 1 0.200000 2 0.500000 3 0.100000 4 0.100000 2
3
7 0.052632 1 0.157895 2 0.315789 1 0.052632 2 0.210526 1 0.157895 2 0.052632 1
4 0.200000 2 0.466667 3 0.266667 2 0.066667 1
4
3 0.071429 1 0.464286 2 0.464286 1
3 0.055556 1 0.611111 2 0.333333 1
5
7 0.040000 1 0.040000 2 0.240000 1 0.120000 2 0.360000 1 0.160000 2 0.040000 1
4 0.157895 1 0.578947 3 0.210526 2 0.052632 1
5
7 0.047619 1 0.047619 2 0.428571 1 0.047619 2 0.047619 3 0.047619 2 0.333333 1
5 0.150000 1 0.050000 2 0.600000 3 0.150000 2 0.050000 1
5
11 0.115385 1 0.038462 2 0.038462 1 0.038462 2 0.153846 1 0.038462 2 0.038462 3 0.076923 2 0.153846 1 0.269231 2 0.038462 1
6 0.133333 1 0.066667 2 0.200000 3 0.133333 4 0.400000 3 0.066667 2
5
5 0.428571 1 0.095238 2 0.238095 1 0.142857 2 0.095238 1
7 0.214286 1 0.214286 2 0.142857 3 0.071429 4 0.071429 3 0.142857 2 0.142857 1
5
5 0.478261 1 0.130435 2 0.217391 1 0.086957 2 0.086957 1
5 0.076923 1 0.076923 2 0.538462 3 0.076923 2 0.230769 1
5
3 0.809524 1 0.142857 2 0.047619 1
5 0.214286 1 0.071429 2 0.071429 4 0.571429 3 0.071429 2
5
5 0.366667 1 0.066667 2 0.466667 1 0.066667 2 0.033333 1
5 0.166667 1 0.041667 2 0.625000 3 0.125000 2 0.041667 1
5
7 0.100000 1 0.066667 2 0.333333 1 0.033333 2 0.400000 1 0.033333 2 0.033333 1
4 0.230769 1 0.653846 3 0.038462 2 0.076923 1
5
7 0.068966 1 0.034483 0 0.310345 1 0.034483 2 0.482759 1 0.034483 2 0.034483 1
6 0.428571 1 0.071429 3 0.107143 4 0.321429 3 0.035714 2 0.035714 1
5
5 0.500000 1 0.045455 2 0.363636 1 0.045455 2 0.045455 1
6 0.227273 1 0.090909 3 0.045455 4 0.272727 3 0.045455 2 0.318182 1
5
1 1.000000 1
4 0.142857 1 0.142857 2 0.642857 3 0.071429 2
6
3 0.409091 1 0.545455 2 0.045455 1
5 0.071429 1 0.285714 2 0.500000 3 0.071429 2 0.071429 1
6
3 0.481481 1 0.481481 2 0.037037 1
4 0.100000 1 0.450000 3 0.400000 2 0.050000 1
7
1 1.000000 1
3 0.437500 1 0.500000 2 0.062500 1
7
1 1.000000 1
2 0.928571 2 0.071429 1
7
3 0.027778 1 0.027778 2 0.944444 1
4 0.896552 1 0.034483 2 0.034483 3 0.034483 1
7
3 0.027778 1 0.027778 2 0.944444 1
3 0.592593 1 0.370370 2 0.037037 1
8
5 0.033333 1 0.433333 2 0.033333 1 0.466667 2 0.033333 1
10 0.058824 1 0.235294 2 0.058824 3 0.058824 4 0.117647 3 0.117647 4 0.117647 5 0.117647 4 0.058824 3 0.058824 1
8
5 0.037037 1 0.333333 2 0.037037 1 0.555556 2 0.037037 1
9 0.050000 1 0.100000 2 0.050000 3 0.100000 4 0.100000 3 0.400000 4 0.050000 3 0.100000 2 0.050000 1
8
5 0.043478 1 0.434783 2 0.086957 1 0.391304 2 0.043478 1
9 0.055556 1 0.333333 2 0.055556 3 0.111111 4 0.111111 3 0.055556 5 0.055556 3 0.166667 2 0.055556 1
8
5 0.040000 1 0.400000 2 0.040000 1 0.480000 2 0.040000 1
5 0.058824 1 0.529412 2 0.117647 3 0.235294 2 0.058824 1
8
5 0.033333 1 0.433333 2 0.066667 1 0.433333 2 0.033333 1
5 0.045455 1 0.363636 2 0.136364 3 0.409091 2 0.045455 1
9
5 0.027778 1 0.166667 2 0.111111 3 0.027778 2 0.666667 1
7 0.062500 1 0.375000 2 0.062500 3 0.250000 4 0.062500 3 0.062500 2 0.125000 1
9
3 0.032258 1 0.387097 2 0.580645 1
5 0.066667 1 0.066667 2 0.466667 3 0.333333 2 0.066667 1
9
3 0.031250 1 0.406250 2 0.562500 1
7 0.076923 1 0.461538 2 0.076923 3 0.076923 4 0.076923 3 0.153846 2 0.076923 1
9
3 0.023810 1 0.309524 2 0.666667 1
7 0.263158 1 0.052632 2 0.157895 3 0.263158 4 0.052632 3 0.157895 2 0.052632 1
